!give <artifactld> <mainPropld> <appendPropld>, <times> level
!spawn 24010301 72 1
!spawn lv21010101 72 20
!talent n 15
!talent e 12
!talent q 12

Ayato's God Set
!give 98544 10001 501054,1 501064,1 501204,1 501224,6 lv21
!give 98524 10003 501064,1 501244,1 501204,1 501224,6 lv21
!give 98554 10004 501054,1 501244,1 501204,1 501224,6 lv21
!give 98514 15011 501054,1 501064,1 501204,1 501224,6 lv21
!give 98534 30950 501054,1 501064,1 501244,1 501204,6 lv21

Xiao's God Set 
!give 97544 10001 501054,1 501064,1 501204,1 501224,6 lv21
!give 97524 10003 501064,1 501244,1 501204,1 501224,6 lv21
!give 97554 10004 501054,1 501244,1 501204,1 501224,6 lv21
!give 97514 15012 501054,1 501064,1 501204,1 501224,6 lv21
!give 97534 30950 501054,1 501064,1 501244,1 501204,6 lv21

Venti's God Set
!give 24654 10001 501054,1 501064,1 501204,6 501224,1 lv21
!give 24652 10003 501064,1 501244,1 501204,1 501224,6 lv21
!give 24655 10004 501054,1 501244,1 501204,1 501224,6 lv21
!give 24651 15012 501054,1 501064,1 501204,1 501224,6 lv21
!give 24653 30950 501054,1 501064,1 501244,1 501204,6 lv21

Ei's God Set
!give 24804 10001 501054,1 501064,1 501204,6 501224,1 lv21
!give 94524 10003 501064,1 501234,1 501204,1 501224,6 lv21
!give 94554 10007 501054,1 501064,1 501204,1 501224,6 lv21
!give 94514 15009 501054,1 501064,1 501204,1 501224,6 lv21
!give 94534 30950 501054,1 501064,1 501234,1 501204,6 lv21

Itto's God Set
!give 95544 10001 501054,1 501064,1 501204,1 501224,6 lv21
!give 95524 10003 501064,1 501244,1 501204,1 501224,6 lv21
!give 95554 10006 501054,1 501064,1 501204,1 501224,6 lv21
!give 95514 15013 501054,1 501064,1 501204,1 501224,6 lv21
!give 95534 30950 501054,1 501064,1 501244,1 501204,6 lv21

Yae Miko's God Set
!give 23444 10001 501054,1 501064,1 501204,1 501224,6 lv21
!give 23442 10003 501064,1 501244,1 501204,1 501224,6 lv21
!give 23445 10004 501054,1 501244,1 501204,1 501224,6 lv21
!give 23441 15009 501054,1 501064,1 501204,1 501224,6 lv21
!give 23443 30950 501054,1 501064,1 501244,1 501204,6 lv21

Eula's God Set
!give 23554 10001 501054,1 501064,1 501204,6 501224,1 lv21
!give 24662 10003 501064,1 501244,1 501204,1 501224,6 lv21
!give 24665 10004 501054,1 501244,1 501204,1 501224,6 lv21
!give 92514 15015 501054,1 501064,1 501204,1 501224,6 lv21
!give 92534 30950 501054,1 501064,1 501244,1 501204,6 lv21

Keqing's God Set
!give 23444 10001 501054,1 501064,1 501204,6 501224,1 lv21
!give 23442 10003 501064,1 501244,1 501204,1 501224,6 lv21
!give 23445 10004 501054,1 501244,1 501204,1 501224,6 lv21
!give 23441 15009 501054,1 501064,1 501204,1 501224,6 lv21
!give 23443 30950 501054,1 501064,1 501244,1 501204,6 lv21

Albedo's God Set
!give 95544 10001 501054,1 501064,1 501204,6 501224,1 lv21
!give 95524 10003 501064,1 501244,1 501204,1 501224,6 lv21
!give 95554 10006 501054,1 501064,1 501204,1 501224,6 lv21
!give 95514 15013 501054,1 501064,1 501204,1 501224,6 lv21
!give 95534 30950 501054,1 501064,1 501244,1 501204,6 lv21

Zhongli's God Set
!give 24224 10001 501054,1 501064,1 501204,6 501224,1 lv21
!give 24222 10003 501064,1 501244,1 501204,1 501224,6 lv21
!give 24225 10002 501054,1 501064,1 501204,1 501224,6 lv21
!give 242lv21 15013 501054,1 501064,1 501204,1 501224,6 lv21
!give 24223 30950 501054,1 501064,1 501244,1 501204,6 lv21

Jean's God Set
!give 24654 10001 501054,1 501064,1 501204,6 501224,1 lv21
!give 24652 10003 501064,1 501244,1 501204,1 501224,6 lv21
!give 24655 10004 501054,1 501244,1 501204,1 501224,6 lv21
!give 24651 15012 501054,1 501064,1 501204,1 501224,6 lv21
!give 24653 30950 501054,1 501064,1 501244,1 501204,6 lv21

Kazuha's God Set
!give 24654 10001 501064,1 501244,6 501204,1 501224,1 lv21
!give 24652 10003 501064,1 501244,6 501204,1 501224,1 lv21
!give 24655 10008 501054,1 501064,1 501204,6 501224,1 lv21
!give 24651 10008 501054,1 501064,1 501204,6 501224,1 lv21
!give 24653 10008 501054,1 501064,1 501204,6 501224,1 lv21

Shenhe's God Set
!give 93544 10001 501054,1 501064,1 501204,6 501224,1 lv21
!give 93524 10003 501064,1 501244,1 501204,6 501224,1 lv21
!give 24765 10004 501054,1 501244,1 501204,1 501224,6 lv21
!give 24761 10004 501054,1 501244,1 501204,1 501224,6 lv21
!give 24763 10004 501054,1 501244,1 501204,1 501224,6 lv21

Ayaka's God Set
!give 23454 10001 501054,1 501064,1 501204,1 501224,6 lv21
!give 23452 10003 501064,1 501244,1 501204,1 501224,6 lv21
!give 23455 10004 501054,1 501244,1 501204,1 501224,6 lv21
!give 23451 15010 501054,1 501064,1 501204,1 501224,6 lv21
!give 23453 30950 501054,1 501064,1 501244,1 501204,6 lv21

Kokomi's God Set
!give 96544 10001 501054,1 501064,1 501244,1 501034,6 lv21
!give 96524 10003 501064,1 501244,1 501024,1 501034,6 lv21
!give 96554 10002 501054,1 501064,1 501244,1 501024,6 lv21
!give 96514 15011 501054,1 501064,1 501244,1 501034,6 lv21
!give 96534 10002 501054,1 501064,1 501244,1 501024,6 lv21

Yoimiya's God Set
!give 98544 10001 501054,1 501064,1 501204,1 501224,6 lv21
!give 98524 10003 501064,1 501244,1 501204,1 501224,6 lv21
!give 98554 10004 501054,1 501244,1 501204,1 501224,6 lv21
!give 98514 15008 501054,1 501064,1 501204,1 501224,6 lv21
!give 98534 30950 501054,1 501064,1 501244,1 501204,6 lv21

Bennett's God Set
!give 24674 10001 501054,1 501064,1 501204,6 501224,1 lv21
!give 24672 10003 501064,1 501244,1 501204,1 501224,6 lv21
!give 24675 10004 501054,1 501244,1 501204,1 501224,6 lv21
!give 24671 15008 501054,1 501064,1 501204,1 501224,6 lv21
!give 24673 30950 501054,1 501064,1 501244,1 501204,6 lv21

Hu Tao's God Set
!give 24684 10001 501244,1 501064,1 501204,6 501224,1 lv21
!give 24682 10003 501064,1 501244,1 501204,1 501224,6 lv21
!give 24685 10002 501054,1 501244,1 501204,1 501224,6 lv21
!give 24681 15008 501244,6 501064,1 501204,1 501224,1 lv21
!give 24683 30950 501054,1 501064,1 501244,6 501204,1 lv21

Diluc's God Set
!give 24684 10001 501244,2 501064,1 501204,1 501224,4 lv21
!give 24682 10003 501064,1 501244,1 501204,1 501224,6 lv21
!give 24685 10004 501054,1 501244,1 501204,1 501224,6 lv21
!give 24681 15008 501244,1 501064,1 501204,1 501224,6 lv21
!give 24683 30950 501054,1 501064,1 501244,1 501204,6 lv21

Xiangling's God Set 
!give 24684 10001 501244,2 501064,1 501204,1 501224,4 lv21
!give 24682 10003 501064,1 501244,1 501204,1 501224,6 lv21
!give 24685 10004 501054,1 501244,1 501204,1 501224,6 lv21
!give 24681 15008 501244,1 501064,1 501204,1 501224,6 lv21
!give 24683 30950 501054,1 501064,1 501244,1 501204,6 lv21

Ganyu's God Set
!give 77544 10001 501224 501224 501224 501224 501224 501224 501204 501064 501054 lv21 
!give 77514 15010 501224 501224 501224 501224 501224 501224 501204 501064 501054 lv21 
!give 77524 10003 501224 501224 501224 501224 501224 501224 501204 501064 501244 lv21 
!give 77554 10004 501224 501224 501224 501224 501224 501224 501204 501054 501244 lv21 
!give 77534 13008 501204 501204 501204 501204 501204 501204 501064 501054 501244 lv21

Yelan's God Set
!give 23544 10001 501034 998004,2 501204 501224 201053 lv21
!give 23541 15011 998007,2 501223 201053 501204 201023,4 lv21
!give 23532 10003 998007,2 501223 201053 501204 201023,4 lv21
!give 23535 10002 998007,2 501223 201053 501204 201023,4 lv21
!give 23533 13007 998007,2 501223 201053 201023,4 501034 lv21