Private Impact Community Artifact List   ---   Last updated: 7/13
Press CTRL + F to find faster!
You can copy all artifact command lines at once and paste them together.
Create your own artifacts with any stats: https://artifacts.teyvat.xyz/

>>>   Albedo (God)
!give 95544 10001 501054,1 501064,1 501204,6 501224,1 L21
!give 95524 10003 501064,1 501244,1 501204,1 501224,6 L21
!give 95554 10006 501054,1 501064,1 501204,1 501224,6 L21
!give 95514 15013 501054,1 501064,1 501204,1 501224,6 L21
!give 95534 30950 501054,1 501064,1 501244,1 501204,6 L21

>>>   Ayaka (God)
!give 23454 10001 501054,1 501064,1 501204,1 501224,6 L21
!give 23452 10003 501064,1 501244,1 501204,1 501224,6 L21
!give 23455 10004 501054,1 501244,1 501204,1 501224,6 L21
!give 23451 15010 501054,1 501064,1 501204,1 501224,6 L21
!give 23453 30950 501054,1 501064,1 501244,1 501204,6 L21

>>>   Ayaka (God) (CDMG Bliz)
!give 23454 10001 993001 997007 401221 L21
!give 23452 10003 101081 L21
!give 23455 10004 101081 L21
!give 23451 15010 301054,33 301051 L21
!give 23453 13008 101081 998004 401204 L21

>>>   Ayato (God)
!give 98544 10001 501054,1 501064,1 501204,1 501224,6 L21
!give 98524 10003 501064,1 501244,1 501204,1 501224,6 L21
!give 98554 10004 501054,1 501244,1 501204,1 501224,6 L21
!give 98514 15011 501054,1 501064,1 501204,1 501224,6 L21
!give 98534 30950 501054,1 501064,1 501244,1 501204,6 L21

>>>   Bennett
!give 23354 10001 501033,3 501204,3 501224,1 501232,2 L21
!give 23352 10003 501031,2 501224,2 501021,1 501201,4 L21
!give 23355 10002 501023,1 501232,2 501224,3 501202,3 L21
!give 23351 10002 501052,1 501222,2 501203,4 501022,2 L21
!give 23353 10002 501024,1 501201,4 501234,2 501222,2 L21

>>>   Bennett (God)
!give 24674 10001 501054,1 501064,1 501204,6 501224,1 L21
!give 24672 10003 501064,1 501244,1 501204,1 501224,6 L21
!give 24675 10004 501054,1 501244,1 501204,1 501224,6 L21
!give 24671 15008 501054,1 501064,1 501204,1 501224,6 L21
!give 24673 30950 501054,1 501064,1 501244,1 501204,6 L21

>>>   Childe (God)
!give 23532 10003 401203 998007,2 401223 401064 501234 L21
!give 23533 13008 998004,2 401202 401064 501234 301054 201052 L21
!give 23534 10001 401064 501234 401203 998007,2 401223 L21
!give 23535 10004 501234 401203 998007,2 401223 301054 201053 L21
!give 23531 15011 501234 401203 998007,2 401223 301062 L21

>>>   Childe (God) (Unrealistic)
!give 23534 10003 999001,114 993001 998007 999002,200 1
!give 23532 10003 999001,85 993001,3 501224 201221 998002,205 997002 401062 L1
!give 23535 10004 998002,411 997002 201063 301054,1070 201053 L1
!give 23531 15011 985001,3 999001,171 993001 998007,3 501224 301222 L1
!give 23533 13007 999002,500 998002,411 997002 201063 998001,4 201031 L1

>>>   Diluc (God)
!give 24684 10001 501244,2 501064,1 501204,1 501224,4 L21
!give 24682 10003 501064,1 501244,1 501204,1 501224,6 L21
!give 24685 10004 501054,1 501244,1 501204,1 501224,6 L21
!give 24681 15008 501244,1 501064,1 501204,1 501224,6 L21
!give 24683 30950 501054,1 501064,1 501244,1 501204,6 L21

>>>   Eula (God)
!give 23554 10001 501054,1 501064,1 501204,6 501224,1 L21
!give 24662 10003 501064,1 501244,1 501204,1 501224,6 L21
!give 24665 10004 501054,1 501244,1 501204,1 501224,6 L21
!give 92514 15015 501054,1 501064,1 501204,1 501224,6 L21
!give 92534 30950 501054,1 501064,1 501244,1 501204,6 L21

>>>   Ganyu (God) (Freeze)
!give 23454 10001 501054,1 501064,1 501204,1 501224,6 L21
!give 23452 10003 501064,1 501244,1 501204,1 501224,6 L21
!give 23455 10004 501054,1 501244,1 501204,1 501224,6 L21
!give 23451 15010 501054,1 501064,1 501204,1 501224,6 L21
!give 23453 30950 501054,1 501064,1 501244,1 501204,6 L21

>>>   Hu Tao
!give 23364 10001 501203,3 501223,3 501033,2 501243,1 L21
!give 23362 10003 501222,4 501202,2 501233,1 501034,2 L21
!give 23365 10002 501231,1 501063,2 501204,3 501224,3 L21
!give 23361 15008 501034,2 501221,3 501244,1 501202,3 L21

>>>   Hu Tao (God)
!give 24684 10001 501244,1 501064,1 501204,6 501224,1 L21
!give 24682 10003 501064,1 501244,1 501204,1 501224,6 L21
!give 24685 10002 501054,1 501244,1 501204,1 501224,6 L21
!give 24681 15008 501244,6 501064,1 501204,1 501224,1 L21
!give 24683 30950 501054,1 501064,1 501244,6 501204,1 L21

>>>   Itto (God)
!give 95544 10001 501054,1 501064,1 501204,1 501224,6 L21
!give 95524 10003 501064,1 501244,1 501204,1 501224,6 L21
!give 95554 10006 501054,1 501064,1 501204,1 501224,6 L21
!give 95514 15013 501054,1 501064,1 501204,1 501224,6 L21
!give 95534 30950 501054,1 501064,1 501244,1 501204,6 L21

>>>   Jean (God)
!give 24654 10001 501054,1 501064,1 501204,6 501224,1 L21
!give 24652 10003 501064,1 501244,1 501204,1 501224,6 L21
!give 24655 10004 501054,1 501244,1 501204,1 501224,6 L21
!give 24651 15012 501054,1 501064,1 501204,1 501224,6 L21
!give 24653 30950 501054,1 501064,1 501244,1 501204,6 L21

>>>   Kazuha (God)
!give 24654 10001 501064,1 501244,6 501204,1 501224,1 L21
!give 24652 10003 501064,1 501244,6 501204,1 501224,1 L21
!give 24655 10008 501054,1 501064,1 501204,6 501224,1 L21
!give 24651 10008 501054,1 501064,1 501204,6 501224,1 L21
!give 24653 10008 501054,1 501064,1 501204,6 501224,1 L21

>>>   Keqing (God)
!give 23444 10001 501054,1 501064,1 501204,6 501224,1 L21
!give 23442 10003 501064,1 501244,1 501204,1 501224,6 L21
!give 23445 10004 501054,1 501244,1 501204,1 501224,6 L21
!give 23441 15009 501054,1 501064,1 501204,1 501224,6 L21
!give 23443 30950 501054,1 501064,1 501244,1 501204,6 L21

>>>   Kokomi (God)
!give 96544 10001 501054,1 501064,1 501244,1 501034,6 L21
!give 96524 10003 501064,1 501244,1 501024,1 501034,6 L21
!give 96554 10002 501054,1 501064,1 501244,1 501024,6 L21
!give 96514 15011 501054,1 501064,1 501244,1 501034,6 L21
!give 96534 10002 501054,1 501064,1 501244,1 501024,6 L21

>>>   Kokomi (God) (2)
!give 23534 10003 998002,13 997002 101061 999002,3 998007,3 501224 101222 L1
!give 23532 10003 998002,5 401064 999002,2 998004,3 997004 998007 501221 L1
!give 23535 10004 998002,5 401064 501204 201201 993001 998007,2 401223 L1
!give 23531 10004 993001,3 998007,3 101221 998001,3 997001 401034 L1
!give 23533 13008 501204 301203 993001,2 998007,3 997007 301223 L1

>>>   Kuki Shinobu (God) (2P/Split)
!give 23564 10001 301054,10 301051 999002 993001,2 998007,2 998002,6 997002 401061 L21
!give 23562 10003 301054,10 301051 999002 993001,2 998007,2 998002,6 997002 401061 L21
!give 23565 10001 301054,10 301051 999002 993001,2 998007,2 998002,6 997002 401061 L21
!give 23371 15009 301054,10 301051 999002 993001,2 998007,2 998002,6 997002 401061 L21
!give 23373 13008 301054,10 301051 999002 993001,2 998007,2 998002,6 997002 401061 L21

>>>   Noelle (God)
!give 23584 10001 998002,17 997002 401062 999002,3 998007,3 301221 L21
!give 23582 10003 998002,8 401063 999002 998004,6 993001 997007 L21
!give 23585 10006 993001 998007,2 998004,3 501204 301202 998003,11 301092 L21
!give 23581 15013 999002,2 994001 998004 997004 401203 301241,14 989001 L21
!give 23583 13008 997004 301201 993001,3 998007 997007 101222 998003,4 L21

>>>   Qiqi (God) (Healing)
!give 23421 10004 501234 401203 998007,2 401223 301054 201053 L21
!give  23422 10003 501233 401203 501223 998002,2 997002 101062 L21
!give 23423 13009 501233 401203 501223 998002,2 997002 101062 L21
!give 23424 10001 401203 501223 998002,2 997002 101062 301054 301053 L21
!give 23425 10004 401203 501223 301054,14 301051 501233 L21

>>>   Raiden Shogun (God)
!give 24804 10001 501054,1 501064,1 501204,6 501224,1 L21
!give 94524 10003 501064,1 501234,1 501204,1 501224,6 L21
!give 94554 10007 501054,1 501064,1 501204,1 501224,6 L21
!give 94514 15009 501054,1 501064,1 501204,1 501224,6 L21
!give 94534 30950 501054,1 501064,1 501234,1 501204,6 L21

>>>   Raiden Shogun (God) (2)
/give @0 23574 10001 998004 201201 998007,2 501224 997005 501231 501064 L21
/give @0 23572 10003 998004 201201 998007,2 501224 997005 501231 501064 L21
/give @0 23575 10007 998004 201201 998007,2 501224 997005 501231 501064 L21
/give @0 23571 15009 998004 201201 998007,2 501224 997005 501231 501064 L21
/give @0 23573 13008 998004 201201 998007,2 501224 997005 501231 501064 L21

>>>   Razor
!give 92524 10003 501204,6 501224 501064 501234 L21 
!give 92554 10004 501204 501224,6 501234 501054 L21 
!give 92514 15015 501204 501224,6 501064 501234 L21 
!give 92534 13007 501224,3 501064,4 501234 501054 L21 
!give 92544 10001 501204,6 501224 501064 501234 L21

>>>   Shenhe (God)
!give 93544 10001 501054,1 501064,1 501204,6 501224,1 L21
!give 93524 10003 501064,1 501244,1 501204,6 501224,1 L21
!give 24765 10004 501054,1 501244,1 501204,1 501224,6 L21
!give 24761 10004 501054,1 501244,1 501204,1 501224,6 L21
!give 24763 10004 501054,1 501244,1 501204,1 501224,6 L21

>>>   Shenhe (Support Demigod)
!give 23414 10001 501204 201201 998007 L21
!give 23412 10001 501204 201201 998007 L21
!give 23565 10004 998007 L21
!give 23561 10004 998007 L21
!give 23563 13007 998007 L21

>>>   Shenhe (Support Demigod) (2)
!give 23354 10001 998007 501204 201201 L21
!give 23352 10003 998007 997004 501201 L21
!give 23355 10004 998007 L21
!give 23351 10004 998007 L21
!give 23353 13007 998007 L21

>>>   Sucrose (EM)
!give 23404 10001 997004 101201 501223 301054,14 301051 501233 301241,11 201242 401064 L21
!give 23402 10003 997004 101201 501223 301054,14 301051 501233 301241,11 201242 401064 L21
!give 23405 10008 998004,2 501203 501223 501233 401064 L21
!give 23401 15012 997004 101201 501223 401064 301241,11 201242 L21
!give 23403 10008 998004,2 501203 501223 401064 501233 L21

>>>   Venti (God)
!give 24654 10001 501054,1 501064,1 501204,6 501224,1 L21
!give 24652 10003 501064,1 501244,1 501204,1 501224,6 L21
!give 24655 10004 501054,1 501244,1 501204,1 501224,6 L21
!give 24651 15012 501054,1 501064,1 501204,1 501224,6 L21
!give 24653 30950 501054,1 501064,1 501244,1 501204,6 L21

>>>   Xiangling (God)
!give 24684 10001 501244,2 501064,1 501204,1 501224,4 L21
!give 24682 10003 501064,1 501244,1 501204,1 501224,6 L21
!give 24685 10004 501054,1 501244,1 501204,1 501224,6 L21
!give 24681 15008 501244,1 501064,1 501204,1 501224,6 L21
!give 24683 30950 501054,1 501064,1 501244,1 501204,6 L21

>>>   Xiao (God)
!give 97544 10001 501054,1 501064,1 501204,1 501224,6 L21
!give 97524 10003 501064,1 501244,1 501204,1 501224,6 L21
!give 97554 10004 501054,1 501244,1 501204,1 501224,6 L21
!give 97514 15012 501054,1 501064,1 501204,1 501224,6 L21
!give 97534 30950 501054,1 501064,1 501244,1 501204,6 L21

>>>   Xingqiu
!give 23574 10001 501053,2 501204,3 501232,2 501223,2 L21
!give 23572 10003 501032,2 501201,4 501224,2 501243,1 L21
!give 23575 10004 501064,1 501243,1 501202,5 501222,2 L21
!give 23571 15011 501231,1 501064,2 501203,3 501224,3 L21
!give 23573 13008 501053,1 501032,2 501202,4 501233,2 L21

>>>   Yae Miko (God)
!give 23444 10001 501054,1 501064,1 501204,1 501224,6 L21
!give 23442 10003 501064,1 501244,1 501204,1 501224,6 L21
!give 23445 10004 501054,1 501244,1 501204,1 501224,6 L21
!give 23441 15009 501054,1 501064,1 501204,1 501224,6 L21
!give 23443 30950 501054,1 501064,1 501244,1 501204,6 L21

>>>   Yelan (God DPS)
!give 23544 10001 501034 998004,2 501204 501224 201053 L21
!give 23541 15011 998007,2 501223 201053 501204 201023,4 L21
!give 23532 10003 998007,2 501223 201053 501204 201023,4 L21
!give 23535 10002 998007,2 501223 201053 501204 201023,4 L21
!give 23533 13007 998007,2 501223 201053 201023,4 501034 L21

>>>   Yelan (God)
!give 24804 10001 501033,1 501232,1 501204,1 501224,5 L21 L21
!give 94524 10003 501232,1 501033,1 501204,2 501224,5 L21 L21
!give 94554 10002 501033,1 501232,1 501204,2 501224,5 L21 L21
!give 94514 15011 501033,1 501232,1 501204,2 501224,5 L21 L21
!give 94534 30950 501033,1 501232,1 501244,3 501204,4 L21 L21

>>>   Yoimiya (God)
!give 98544 10001 501054,1 501064,1 501204,1 501224,6 L21
!give 98524 10003 501064,1 501244,1 501204,1 501224,6 L21
!give 98554 10004 501054,1 501244,1 501204,1 501224,6 L21
!give 98514 15008 501054,1 501064,1 501204,1 501224,6 L21
!give 98534 30950 501054,1 501064,1 501244,1 501204,6 L21

>>>   Zhongli (God)
!give 24224 10001 501054,1 501064,1 501204,6 501224,1 L21
!give 24222 10003 501064,1 501244,1 501204,1 501224,6 L21
!give 24225 10002 501054,1 501064,1 501204,1 501224,6 L21
!give 24221 15013 501054,1 501064,1 501204,1 501224,6 L21
!give 24223 30950 501054,1 501064,1 501244,1 501204,6 L21